9 21 30
14 58 6
3 50 30
x
x
4 32 10
x
3 5 16
3 25 33
x
9 33 4
2 20 40
x
12 92 1
10 87 39
11 64 34
3 17 39
2 82 19
11 68 26
5 37 34
4 24 36
x
x
5 39 19
2 87 20
3 34 27
x
x
4 36 11
11 99 30
2 23 41
14 64 7
11 76 36
7 68 22
3 7 17
13 6 23
x
15 1 35
7 59 19
x
7 72 23
0 11 28
15 82 1
7 76 24
3 56 21
12 66 2
4 45 14
x
14 3 1
8 42 12
3 85 5
12 90 33
5 1 30
2 97 9
14 6 2
7 30 10
13 49 31
12 0 6
3 36 24
10 12 35
0 16 29
6 4 33
13 87 35
12 87 34
2 92 21
13 10 24
3 28 34
12 5 7
x
3 9 18
6 56 1
x
6 59 2
x
x
8 82 30
7 80 25
3 93 31
9 63 37
14 34 14
6 62 10
x
7 84 26
8 96 34
15 3 36
x
3 31 37
x
2 10 35
5 5 21
15 65 28
3 99 1
11 72 27
9 94 9
10 37 2
8 88 36
x
x
2 26 42
8 84 4
1 37 34
12 52 36
0 21 0
12 88 30
x
9 37 5
8 5 35
14 9 11
x
5 10 31
5 51 37
x
15 7 30
4 84 9
5 15 32
7 32 11
5 80 33
14 69 8
x
0 26 3
4 89 25
x
15 38 22
4 94 19
8 0 20
0 8 30
10 38 40
x
13 56 32
0 36 33
x
13 99 30
10 18 12
1 24 39
3 11 43
3 38 38
3 65 26
3 0 16
x
8 45 13
9 87 38
14 12 12
2 29 43
x
12 10 8
8 92 5
15 42 23
0 99 30
15 5 37
1 49 29
2 12 36
14 15 13
x
3 41 2
10 63 16
2 55 14
x
13 89 36
1 90 2
12 69 10
12 54 37
8 9 21
x
1 93 10
5 35 33
9 43 22
7 45 12
15 99 2
5 54 38
12 99 43
7 88 27
13 14 25
1 45 35
5 81 12
x
x
12 15 9
2 47 3
13 61 28
11 0 25
6 8 28
5 20 4
1 0 22
5 57 1
10 45 33
13 18 26
7 47 13
4 49 15
1 96 11
x
2 14 37
6 44 37
2 59 4
1 4 23
13 26 33
14 18 40
13 91 37
6 13 29
5 72 5
14 38 15
14 94 31
5 76 22
14 74 9
6 79 4
7 92 28
13 93 38
14 95 32
14 42 16
6 6 34
8 90 33
13 54 34
x
x
x
7 49 14
0 38 34
0 48 36
7 0 0
x
3 44 36
1 72 36
9 47 23
3 89 22
x
2 99 0
11 79 14
8 24 37
x
1 8 24
10 79 36
x
15 54 31
3 95 23
8 26 38
4 22 11
x
5 84 23
x
8 14 31
13 95 39
6 46 38
5 45 34
x
11 5 19
1 32 0
8 48 40
7 5 3
12 20 19
14 21 41
2 62 15
0 31 6
3 47 32
12 56 38
14 46 17
10 80 41
2 60 5
15 46 24
1 40 3
x
x
13 22 27
1 12 26
13 28 14
x
8 28 30
11 15 33
6 65 11
8 51 41
8 30 34
2 16 38
2 70 6
9 41 33
x
12 58 39
10 0 24
2 32 44
2 71 7
x
9 99 34
3 13 44
8 54 42
10 81 23
5 60 36
12 72 11
x
3 1 17
5 63 2
x
x
8 99 17
3 15 39
5 82 13
4 53 16
6 48 39
12 75 12
10 24 13
11 23 39
1 16 27
x
1 74 37
x
x
11 49 41
7 51 15
1 20 12
9 0 12
8 19 32
9 51 24
14 79 19
9 3 13
0 52 7
x
8 32 4
2 35 1
4 61 23
10 4 26
12 78 13
x
15 19 40
x
0 57 8
3 53 40
11 10 20
x
13 32 15
10 67 17
1 26 42
13 36 16
14 96 33
1 76 38
15 70 29
2 66 16
0 62 10
12 81 40
15 9 38
14 84 20
3 58 41
6 83 5
7 62 20
4 5 30
4 57 17
6 50 35
13 66 29
x
6 18 0
x
6 68 12
3 2 18
13 71 0
10 92 5
8 58 43
2 38 2
10 29 0
6 52 36
10 34 30
10 54 34
7 10 4
14 50 18
12 25 20
7 15 5
11 25 35
13 79 3
1 60 30
6 54 30
12 84 41
7 53 16
11 83 15
4 7 33
4 62 14
4 64 18
1 78 30
10 40 3
x
11 52 42
0 67 9
6 71 13
8 61 44
9 6 40
6 74 30
15 75 0
9 55 27
0 74 11
14 89 21
8 34 19
5 88 24
x
10 71 18
1 55 6
x
5 93 26
8 64 39
x
2 74 17
x
11 55 43
x
10 93 2
7 96 29
x
2 41 10
x
5 25 28
x
15 22 41
9 9 41
2 44 11
x
12 60 35
11 43 37
3 61 42
3 19 1
2 78 18
9 12 42
x
13 40 17
7 20 6
11 87 16
1 80 34
9 59 14
9 66 15
11 18 21
11 28 31
12 62 2
8 67 1
15 55 32
x
1 99 33
12 30 21
0 79 35
5 47 35
4 41 37
15 50 25
3 3 43
3 4 44
1 62 7
10 49 10
15 84 3
x
12 96 42
9 70 16
5 66 40
x
x
12 35 31
x
10 94 9
7 25 7
x
7 35 8
x
x
9 15 43
10 8 27
8 72 2
13 76 44
6 99 39
3 67 6
14 97 34
3 73 7
x
6 87 22
15 89 4
7 55 17
10 96 19
9 18 44
11 91 17
5 97 35
x
x
x
5 49 20
x
x
x
15 80 33
8 7 25
x
x
x
4 99 24
8 75 33
4 13 38
x
3 76 8
5 98 7
12 42 32
3 79 11
12 40 30
9 24 39
10 57 42
x
x
1 82 33
15 25 42
12 47 25
11 58 44
0 41 36
11 33 32
1 28 13
12 64 21
15 11 39
14 24 42
13 77 1
15 57 26
3 48 15
10 97 40
x
4 68 43
11 61 1
15 28 43
14 99 30
4 72 44
1 67 8
6 23 3
11 45 38
1 84 37
x
15 94 5
11 95 18
0 84 25
0 89 14
9 75 17
3 70 28
7 40 9
0 50 41
15 13 31
10 98 29
14 28 43
8 70 26
0 72 20
13 97 5
15 15 32
4 76 39
x
x
9 79 18
1 86 38
13 0 43
4 9 34
13 84 34
1 88 36
9 27 1
13 85 27
x
7 57 18
15 81 34
x
x
8 36 37
5 69 41
x
x
3 71 4
6 28 6
8 78 15
x
15 0 37
6 34 7
5 30 29
10 99 6
11 47 30
14 31 44
15 17 33
x
x
10 60 1
8 38 38
0 94 15
x
1 47 18
9 83 10
5 99 8
4 16 40
13 44 18
6 39 8
6 0 26
11 38 28
x
2 49 12
x
2 52 13
x
x
4 0 20
6 91 23
6 76 40
10 75 43
4 19 41
15 61 27
x
x
2 0 31
6 95 24
2 72 8
13 3 44
x
2 18 39
15 32 44
4 29 42
x
8 81 16
8 40 22
10 83 44
2 5 32
x
3 21 9
14 54 22
3 82 14
14 0 35
0 43 27
0 0 12
9 90 11
9 30 2
15 35 10
x
3 23 25
7 65 21
x
x
0 4 13
x
4 11 35
13 86 5
5 0 42
4 80 4
